8.60938
8.25253
11.1507
9.7404
11.0176
8.38427
8.65765
13.3716
9.9895
8.54764
15.0659
12.9073
3.99594
11.9032
8.94482
9.49578
19.853
13.5302
9.37429
9.52756
12.0385
11.0791
24.4462
6.31806
4.43315
7.47272
7.59876
10.4418
8.45629
9.73962
9.92197
11.8424
11.5011
11.6515
8.97578
20.3357
15.3108
8.88444
13.0198
11.6048
12.679
8.35804
7.73764
11.4835
11.496
8.90114
18.0666
11.975
8.89599
9.13402
9.10515
11.2284
17.0858
14.0393
4.87968
13.7186
8.37361
10.3328
15.0702
21.0074
14.134
12.7984
12.0335
15.3064
17.4527
12.9214
7.7976
10.2543
16.958
4.14804
12.1837
11.9611
13.3556
11.587
10.4722
11.8281
7.3206
9.91904
11.0915
8.20605
7.90563
11.113
22.4902
6.5603
8.68153
12.7549
8.87744
19.6823
7.51994
15.3758
7.8902
7.98115
9.58436
16.883
13.559
12.5122
12.7894
13.5388
9.98873
8.40709
8.20888
16.5597
9.27232
9.03117
4.24259
9.84528
5.48823
7.17411
15.7891
16.1235
12.0021
11.0048
6.64102
12.7413
11.9399
15.2487
21.8738
18.7643
18.1694
7.90228
8.20875
8.97724
5.89425
7.14447
10.0587
11.5025
4.79627
4.19523
7.39745
16.3923
8.85929
11.0966
11.1454
11.706
11.3076
5.27806
9.09834
10.7181
11.183
4.37136
13.9373
7.76764
12.1063
14.6224
9.01322
13.8779
16.4724
21.4362
7.78159
5.64284
8.56594
8.93646
8.5985
9.60423
8.61866
14.0382
8.32527
8.53779
24.956
17.2891
16.2602
13.1034
6.58906
16.0065
9.85567
8.37012
10.3866
10.3017
6.84529
4.55148
12.9946
9.85165
6.58146
9.30312
14.6817
23.2747
21.4611
5.27494
15.7642
22.0279
7.96475
13.3547
10.1538
16.6665
7.83247
10.7264
8.32506
9.0975
12.9169
10.7417
12.3671
10.5259
10.6131
5.32223
11.9782
9.34683
7.44013
9.5145
8.39792
13.0115
13.2665
9.23801
8.56043
11.0535
9.79558
8.83623
10.0284
9.33389
18.925
7.40943
8.6142
11.7293
8.90883
11.7429
19.5715
4.53281
7.6906
14.5063
5.9109
9.12284
8.96706
18.4675
13.027
9.86732
11.8348
11.4223
8.71837
8.46905
8.81318
7.22058
6.9308
10.5926
17.0081
9.52253
12.605
9.57049
18.3869
9.10157
7.94954
11.9108
10.6134
4.0322
13.5334
8.48824
7.5874
9.83509
7.35887
11.7793
22.3164
10.4271
11.6373
12.3523
9.19255
10.6145
16.2709
12.7238
8.64858
21.0808
13.3348
7.10749
8.76844
11.5667
14.1471
6.76037
16.3961
11.8495
16.8177
10.0427
6.72057
11.9413
12.9293
18.9489
11.4365
9.17133
7.72387
13.1038
9.60742
17.0908
13.8497
15.9259
10.2865
11.5921
10.77
6.9846
8.41819
11.9622
10.9242
8.8569
7.70092
10.0838
11.6354
12.8319
8.53411
19.9125
14.8469
10.9226
9.28461
7.05319
7.87853
10.7433
7.76716
6.74448
10.7643
10.2531
13.3603
10.1697
23.5283
14.5628
9.98647
14.0561
10.7716
16.9925
16.4122
11.2586
9.04566
12.9161
11.0181
10.3695
10.1052
17.4038
12.3871
12.3202
9.45176
13.3706
9.57938
8.84249
11.0259
16.4626
9.10722
18.8741
17.7644
10.8738
6.71687
7.98493
13.1541
7.53825
7.70297
17.1456
11.3258
4.9315
6.07065
17.7777
14.615
26.0538
13.287
9.9984
11.9928
10.4758
9.8131
8.84153
7.53976
11.2789
7.02507
4.00114
10.776
6.70495
9.86988
8.83751
9.2175
7.59459
9.46946
9.91693
11.944
20.8521
9.3183
23.582
14.6869
8.66496
9.06367
9.67592
7.7882
14.567
7.03746
14.474
9.85423
13.5717
10.863
8.79142
9.93702
5.14346
14.8401
16.5991
12.2958
8.17818
11.509
9.61355
17.2601
6.93016
8.29116
10.4307
3.80296
11.6302
10.8899
9.92351
13.4061
11.4947
11.7712
8.55026
17.9535
9.43843
9.6632
18.3887
10.4484
9.31735
5.23481
7.512
13.7423
8.22668
9.02237
5.78641
5.16977
4.94356
8.45198
18.4907
10.0392
7.74141
9.16611
8.00062
8.37425
12.8735
11.2646
10.503
8.62831
20.5141
19.8939
9.18945
15.4266
4.62912
17.385
10.8275
6.6245
7.74805
4.24071
10.9496
8.62831
14.4748
10.8752
7.95831
16.3719
19.2968
15.7568
11.4502
11.0147
20.9025
16.1254
8.55934
22.8739
12.6963
18.1901
8.28269
19.2349
8.64747
8.84423
4.11301
20.7208
9.83444
11.3751
8.07602
13.5887
7.63356
8.80889
10.0024
6.92327
10.0041
17.6016
8.95936
8.06882
11.9299
4.2661
12.6515
11.6178
10.608
8.64187
9.74851
12.0256
9.70678
8.18473
8.34668
11.4431
9.41123
8.91352
4.77709
12.7154
7.49936
11.4312
15.957
9.27411
17.6931
11.7655
25.0755
5.96489
17.5686
10.7933
13.1206
17.1071
8.57196
3.97203
11.5441
7.47949
20.2526
8.91185
9.52604
13.9491
7.66444
15.2011
13.8595
10.2267
9.14246
9.48682
13.6736
7.90302
8.62152
10.5511
5.05154
23.2996
9.24777
11.4636
6.09924
11.4138
8.24453
12.2455
9.37027
17.9759
13.7945
13.2324
9.66151
9.21514
7.73473
13.5203
8.47521
15.4686
8.55151
11.0473
10.2716
19.3738
5.2367
10.4043
10.6729
11.1907
9.64923
8.65532
15.1571
3.57293
16.6227
5.80712
21.0942
7.6295
7.03469
11.9193
10.7055
18.2741
11.7208
10.5889
9.98454
14.7025
11.3105
9.4299
14.7787
14.3827
11.3678
8.30696
9.57423
16.6675
18.7249
10.5631
19.6335
8.82579
13.1015
12.3197
10.8041
9.41014
7.03419
12.7336
8.61678
8.71543
3.99248
8.06072
16.9179
10.1593
9.67829
8.87867
9.92811
10.3162
9.8194
8.10425
17.8625
12.93
9.52477
11.1698
8.85785
7.52665
9.31388
6.6994
17.3124
6.11526
18.7387
10.2766
12.7415
9.40648
11.23
9.89386
10.8948
14.4455
9.03638
7.52795
7.25773
9.09567
22.3578
9.75986
10.1401
8.29063
10.7522
4.79542
11.2995
15.0138
6.52322
10.2842
4.67027
7.58601
8.71927
11.6361
12.9733
9.45947
4.81902
5.00266
13.1139
6.85781
13.5109
4.9221
9.06934
23.2464
11.8904
16.7112
12.357
7.38855
13.4535
27.142
17.0877
13.094
13.4911
9.4272
8.98789
13.0013
10.3259
10.6655
8.60791
10.4567
8.36424
18.7943
11.72
17.2477
7.0867
13.08
8.33802
10.9988
11.9244
7.16409
8.30716
10.7663
12.4386
17.1657
21.1504
14.2288
13.7788
12.5619
9.13146
10.7321
12.1125
8.67231
14.4506
8.19971
19.1734
16.0109
12.0444
5.50732
15.8625
6.94555
18.0936
11.7588
20.4066
9.38148
11.5577
10.1968
16.6565
11.9977
13.8709
7.90833
5.72401
9.59769
8.413
7.85934
8.41355
9.76299
8.79491
9.08412
11.9656
13.5241
11.7805
16.4742
6.74346
10.9383
10.3154
21.4015
21.2942
11.5737
10.5225
7.78283
15.1412
8.19201
9.73082
10.1606
11.3723
12.9031
12.2171
9.32614
17.7824
8.13402
17.6915
6.54982
8.58848
12.5906
11.5294
12.1385
10.7949
10.1004
8.32863
8.08157
12.0139
13.8419
7.99921
9.94556
20.652
20.0182
9.48859
18.8642
10.2075
10.1348
13.1427
8.84093
4.76175
11.4517
11.8954
12.3671
13.3792
9.16567
11.2365
11.7418
24.4143
21.3545
11.2154
17.6653
17.9616
13.6982
5.66462
10.8012
15.6982
13.9615
13.3355
10.3555
7.18604
16.1218
8.88101
13.5288
8.6648
12.3028
3.75386
19.7242
7.73672
7.66983
21.9429
13.0317
9.24129
5.02726
20.5159
7.31565
18.3768
13.2074
8.83276
6.8905
8.03974
8.87901
18.7242
11.168
12.5689
9.64217
17.3466
11.6045
16.6923
7.60651
12.9649
7.28048
7.65348
18.2692
15.8248
8.88954
12.6671
8.09025
17.0967
6.7521
15.099
24.9396
7.78072
11.3873
4.16673
8.56609
22.4322
10.6772
19.5858
12.6712
9.4894
4.96126
9.45702
8.61713
21.4128
8.23945
19.354
17.2179
16.1007
14.8264
7.42142
9.8336
10.6391
7.97801
14.9605
5.06887
10.2382
6.27
12.8207
9.3399
7.38845
12.5501
8.08113
16.3829
15.5251
18.8218
9.5089
11.6876
6.06513
9.04511
8.00921
13.4341
14.0428
12.6876
22.8888
7.30415
9.32072
8.77425
10.6254
10.7443
12.7851
8.6092
10.4613
17.2679
8.08486
9.61303
11.0211
22.7305
14.0273
4.92612
5.92169
7.86592
13.9978
8.97699
15.7976
11.1167
13.9239
9.31474
10.0009
6.47646
12.8342
14.99
8.77508
7.01606
13.2357
6.33064
12.3663
11.6252
13.8638
7.8053
9.13873
12.1235
16.72
10.2072
8.06691
9.64406
12.8086
7.3266
3.61384
11.2156
11.289
9.44466
18.0815
13.6639
13.4481
10.8508
11.0883
13.1133
12.3834
22.2024
13.4498
4.20843
11.2227
16.2573
8.12802
10.0773
15.9785
12.8051
20.5532
9.00647
7.05151
14.003
9.40585
10.6619
21.1268
8.54651
10.5143
7.63422
10.0416
28.4966
10.8773
9.20583
13.9625
4.78106
13.0972
12.6559
22.843
10.9051
16.005
4.75483
14.239
17.3526
13.2795
9.21732
12.9918
16.1984
14.6112
4.98038
13.9313
8.53242
10.1157
9.22324
7.6699
21.4438
9.2435
8.13287
11.2113
11.2764
9.90186
10.4488
15.4872
11.6969
10.0195
7.62114
14.3726
8.84167
10.6718
10.8545
20.727
11.8609
13.4919
4.42022
11.2482
8.55318
14.8727
4.36121
11.2935
11.2443
7.97561
10.9058
3.7443
9.152
12.2377
12.6469
13.6077
10.7037
12.6488
15.0964
17.7833
18.6524
9.0569
8.8611
10.9289
8.53029
9.95599
23.2989
15.9616
9.49749
10.0763
10.8593
14.7245
9.4018
12.3273
3.97019
9.54764
11.7721
13.4015
10.1583
11.9609
7.40633
10.918
10.3023
8.5406
22.098
12.7919
3.63866
11.6247
17.746
7.99953
13.3225
10.8633
21.2405
7.82576
9.74958
8.82488
9.97409
14.169
15.5261
6.27457
3.91573
22.2382
7.8914
11.0016
13.9325
23.4834
13.8018
5.37053
28.8122
8.59489
6.53054
12.7545
20.6145
11.8388
11.4808
13.1328
9.79496
12.5714
16.5769
10.8056
12.7338
11.8092
16.8604
15.1552
9.91203
13.0301
9.44536
12.1289
10.4789
10.4647
18.9407
10.9767
8.37092
16.7632
5.76501
11.0317
12.1519
18.5811
6.77205
13.3963
10.2628
10.3519
8.35636
10.321
17.5775
14.556
10.8991
10.8886
9.47998
5.34734
11.0299
7.81486
9.03995
24.6104
31.0323
10.2195
8.5535
9.95445
13.3943
8.46285
6.47935
7.95523
8.25724
10.1733
16.8099
8.74438
8.7926
17.8014
15.8713
6.43595
17.3461
10.4805
4.64651
7.40079
6.80076
10.5791
15.4548
12.466
20.7017
9.46627
12.0383
11.8262
12.1748
6.56488
7.96301
9.45502
7.56194
5.29967
8.492
10.1428
5.07814
15.1514
12.7753
12.0008
17.0906
9.60859
7.34234
8.76337
17.1562
12.6116
9.08283
11.774
7.65004
10.9152
13.4287
11.21
17.6473
4.20691
10.5347
13.3752
8.3239
5.86616
14.0903
4.76757
10.3619
12.8868
4.96312
9.24606
10.079
8.21503
14.0465
10.9344
18.5729
4.81051
10.6219
7.35286
21.8986
9.4983
3.79692
15.077
9.13531
12.6429
8.19178
13.9173
13.9791
4.92277
16.171
10.1241
14.2604
12.5859
8.68201
9.25729
9.3652
8.22222
9.71087
3.95209
10.9542
4.58371
12.8454
5.54408
11.2432
10.2785
10.8625
10.2775
9.2726
20.1416
16.5193
9.08792
17.2756
9.54635
18.0505
8.83213
4.51864
9.88962
9.10877
22.356
10.3581
9.37142
12.4093
11.0524
18.3175
19.4923
8.39943
8.22133
8.14541
6.52492
12.0705
18.029
24.1207
6.52407
7.25747
8.6606
9.16693
11.42
22.476
7.06819
9.09931
9.47937
11.2826
8.0609
10.7575
10.5484
10.7314
8.71801
4.26027
20.0823
11.3392
10.2803
8.58025
6.99141
9.60373
14.4529
18.6325
14.5677
12.8433
14.7626
13.3415
15.7929
8.00673
11.0196
6.97766
14.1088
13.6944
16.9752
13.2669
10.7641
14.0131
7.77267
12.3846
10.2904
4.48306
8.10986
12.4572
9.82823
7.71353
8.26146
13.1769
9.22953
11.3999
5.02331
10.1383
9.67425
8.73332
7.17207
8.28576
15.1444
16.1049
9.80326
8.56838
9.13617
8.84603
6.12905
7.51523
9.21078
9.54067
21.2149
12.9347
9.45087
4.11665
7.91632
10.5597
8.61039
9.89843
15.1029
12.5813
9.32449
13.2138
7.66534
8.65659
6.50825
6.78495
7.09914
10.0811
11.468
11.5022
9.0767
13.1638
12.6975
10.7211
6.38384
11.5254
18.6864
8.84541
10.1959
12.7351
8.29846
13.1684
10.8891
9.29301
10.5915
7.07066
14.1817
7.72
10.6238
21.7724
10.2861
9.42773
11.3262
9.30092
8.95489
14.4228
14.3642
9.65541
7.5746
18.9035
13.1712
11.3728
19.8284
11.7284
9.48734
16.9471
19.2211
14.4554
10.0425
11.279
11.6749
3.69271
11.0733
6.4397
24.5977
12.8995
14.2683
13.9645
7.76872
7.08613
21.3247
9.92965
22.0482
16.7554
15.397
7.59238
12.1919
11.9631
11.2404
14.2095
24.4309
9.25243
20.421
10.4727
18.4417
8.48555
17.0561
7.47759
9.34362
16.2726
4.42966
8.76022
8.52366
10.8788
8.05138
5.90228
12.3619
10.4982
12.1493
5.21892
14.3463
18.2235
15.7255
12.075
6.92495
8.45845
8.80339
20.5331
11.0157
7.22708
9.979
7.71676
8.47163
17.7019
8.9299
4.52338
9.90163
12.4483
19.3342
17.5728
8.81553
9.34254
7.53578
7.28501
8.95027
8.82386
7.93519
8.69683
8.51763
16.327
4.68601
16.7199
7.59836
17.987
8.9501
8.22574
7.84455
9.55276
17.2915
11.5191
7.64256
11.9184
7.16368
9.91957
9.50372
13.5973
10.7951
7.48741
11.804
12.845
9.76436
10.6282
9.25689
8.15719
10.772
12.188
8.51585
8.59628
12.982
13.2016
9.00965
7.33389
8.67898
9.03459
9.45329
9.98064
19.2212
10.7724
3.93293
7.88151
5.04209
13.3158
7.28655
9.07012
10.6745
15.1545
9.35799
7.06499
7.15665
7.71758
10.7361
8.36411
8.20021
8.63614
12.2706
12.5744
17.7885
9.33773
11.6721
12.37
12.4596
11.9072
11.5598
9.00279
9.69894
3.88906
9.68866
11.9132
9.00021
14.7692
11.3693
7.40369
5.51024
12.253
11.5226
8.62583
13.0497
17.0655
8.59707
21.5308
10.7533
9.84437
18.3863
14.5341
9.52734
5.90279
12.1211
7.36258
12.6287
8.43937
11.7653
11.972
17.1648
7.0655
13.9723
5.99406
15.9919
6.84196
3.99992
10.5846
8.8865
9.43253
9.37054
7.77028
10.8225
10.2948
10.6896
8.99646
8.45515
29.2204
14.0817
14.974
18.1778
14.7803
22.1732
12.23
11.846
16.4275
17.2615
7.77709
17.1895
16.4669
19.3823
10.779
12.2278
13.5965
8.44516
9.38228
9.30145
7.72116
20.643
9.47467
15.0336
8.99103
12.1383
9.20717
17.871
7.99888
9.59372
9.07362
9.07211
11.1697
14.0454
12.3381
15.251
17.7783
12.4141
10.9077
8.94293
8.16335
10.1853
14.5616
15.045
9.69408
15.272
8.90121
8.45151
10.547
8.51595
9.78308
10.1712
9.86423
10.918
9.61733
21.1165
7.94124
18.12
9.97678
16.1774
5.40592
13.6499
11.4295
5.28262
8.63997
11.8791
10.5925
8.69699
8.1974
7.78898
13.417
10.3336
17.4369
11.4377
5.32752
9.6278
8.95236
18.2776
11.3243
12.1561
28.3446
25.9179
6.77462
9.10204
14.4924
9.53049
7.39668
14.5979
8.99079
12.9377
7.17949
14.7164
9.57168
20.0663
13.6755
7.97676
19.2271
10.1639
10.5731
9.74654
15.8731
5.84527
9.76355
13.78
16.5473
9.43019
7.04724
10.0333
10.599
10.418
17.039
8.88932
9.63734
8.44955
14.0885
17.1084
6.93626
16.3314
8.27481
10.1202
7.91683
11.2954
8.40675
10.2369
7.7344
12.7928
9.67737
7.88162
9.17217
12.2999
10.9446
10.8762
12.3247
17.2216
3.44995
14.1381
11.5779
10.2418
16.5379
8.96504
19.6158
12.8325
11.5045
8.23647
8.63618
6.6201
10.5392
8.89221
12.0373
22.7915
17.5469
11.7076
5.53929
9.90035
12.9197
13.9253
13.5374
9.57013
12.9104
9.48251
12.8722
12.7859
14.796
9.49454
4.24917
12.7647
8.49096
10.8702
11.8679
8.94001
6.88136
8.56099
7.41999
4.74514
10.7411
8.67358
13.4731
6.35496
10.7122
9.40748
9.07571
23.037
15.4113
7.26581
7.4786
13.4163
25.1407
7.46864
8.55263
8.14637
7.69728
11.5197
12.1333
19.027
9.27511
5.43191
10.25
5.77455
9.83439
11.332
8.6059
23.7154
9.76081
10.4036
14.9801
13.3333
11.1486
9.79167
18.9797
9.48409
8.60164
11.117
9.29818
16.0891
8.35869
14.3854
10.4455
12.0683
13.9478
7.36431
5.95558
12.5146
13.0863
10.0896
10.0546
15.3684
19.5248
7.12968
10.4621
13.3547
12.2387
9.23245
6.29862
12.8974
7.5938
12.1986
4.45504
7.25775
9.51634
8.97968
14.4612
7.6673
21.3596
5.50472
14.1418
15.0221
7.5929
15.0806
12.7247
8.74327
10.1487
21.1388
12.5295
6.34648
8.32648
8.14658
4.12913
8.03029
15.926
11.7179
16.4093
8.2143
9.84821
6.97105
4.1423
5.22777
11.8915
8.30322
10.4942
16.3869
7.57066
9.03843
10.1868
16.6197
13.8852
3.84594
9.79462
10.1191
6.35146
9.54839
7.4417
16.8136
15.496
7.75213
10.982
9.73715
10.9157
9.70236
8.50273
21.4369
4.1915
11.5195
8.96343
8.89924
8.63325
12.8193
10.0705
12.3519
11.4076
13.225
11.4484
8.48791
14.3845
9.17704
9.74311
7.4695
9.73469
11.1435
8.71618
6.51533
21.3465
10.6832
8.80668
15.2007
6.76944
20.293
10.5369
8.59624
15.7906
8.82636
7.81578
13.9645
11.2397
16.295
15.1889
8.74737
18.6961
13.3724
8.10961
13.0557
21.5256
11.2962
7.71055
6.35662
14.2737
11.5731
10.1412
10.6924
8.87677
2.86878
11.0166
6.58111
9.22966
7.4356
9.7226
15.1242
10.2048
9.2386
13.9762
5.5148
9.72461
9.28415
12.9833
9.39157
8.2261
14.147
18.0745
18.9223
9.2801
10.084
7.31621
8.12132
18.025
13.442
13.4006
23.5773
7.64401
11.6062
7.90496
9.39058
10.0682
8.40892
9.29128
9.24599
9.11181
10.89
7.48725
9.7492
9.34684
10.6387
8.39718
17.674
7.34067
10.4491
14.3403
11.3384
15.7116
17.0436
11.315
11.2698
6.91359
14.2886
6.3888
16.0359
16.3094
9.69578
7.80993
9.46711
8.10481
8.57193
12.1034
8.9909
7.79788
9.75902
11.695
9.29277
18.2572
10.802
8.93709
8.37201
10.564
7.24792
10.6056
11.1858
4.69603
9.29792
9.09297
11.2507
10.0219
19.8974
8.18534
5.06393
11.5284
12.6937
14.0339
10.973
12.1992
9.37351
7.03925
16.3011
10.5979
10.1262
9.1289
11.0212
10.9564
10.8284
10.1645
8.51586
29.5448
8.95733
4.92118
13.1453
18.3105
11.948
11.3988
9.48946
13.9756
9.72714
8.13085
15.4775
13.9283
14.2855
9.55277
11.3191
8.57897
12.4062
10.3338
7.57881
6.56274
13.1853
15.0755
12.4718
8.54905
9.61956
10.1912
8.96274
11.5759
21.8954
19.2496
8.73014
11.0388
7.67051
11.7
6.46162
4.32917
12.3065
5.44617
22.0924
20.5217
15.2037
7.54053
12.6536
8.54408
8.62489
8.3489
14.604
11.4971
9.38323
7.34422
8.59948
8.26293
13.139
20.6271
12.5437
19.3087
18.976
11.1426
4.41655
8.67444
10.23
8.95007
17.3245
3.27806
7.93204
7.182
8.83086
11.5225
10.9066
19.9652
13.8947
10.6928
8.66848
11.8593
14.1019
6.98659
8.45164
8.27587
7.40398
16.0006
7.72436
10.6378
9.21924
14.9535
10.5841
10.9837
13.0762
11.9698
10.6228
14.6877
7.58926
16.2993
4.52608
8.50536
8.35062
8.22268
4.1257
3.41586
9.43529
8.06945
9.22998
8.99504
11.572
17.4031
14.5796
7.10808
7.85244
9.74314
19.9556
13.8635
8.47589
9.4599
7.76063
4.19389
7.65253
13.2099
8.62895
10.3185
12.5136
11.0584
17.0332
15.1257
10.0752
11.2519
7.70507
9.34767
12.8649
8.76128
13.2094
11.2583
7.41418
7.49229
12.8495
21.9773
8.52869
8.82896
4.27761
11.1095
8.99481
18.3826
8.23946
5.71232
11.3327
20.536
12.7856
6.80384
8.8049
10.4029
12.2788
19.3041
18.8476
15.4208
10.4774
12.7053
15.5743
6.48654
11.5347
5.75382
10.3691
9.83553
10.182
5.33514
8.06197
6.99328
15.1971
24.9736
7.90633
8.18649
10.4339
9.26341
18.1929
4.87182
11.7292
8.78915
8.58191
10.2535
19.4822
7.57164
10.1521
16.1796
15.7851
8.91824
14.1564
7.35334
10.5672
10.006
8.44981
8.65543
10.1973
12.573
10.1551
11.5379
9.15166
22.2283
10.2314
11.9544
14.5227
9.26383
14.5548
10.9791
9.65617
7.91755
7.75118
3.74423
6.18655
10.0304
14.9562
7.6152
8.94257
7.82063
4.79982
9.37703
10.4219
9.51064
6.17531
16.4183
11.4589
16.5181
11.0168
11.7271
11.0395
12.6337
5.66282
12.7092
8.95605
23.0665
7.15684
4.57096
24.4723
13.4333
13.3642
15.1536
9.17963
10.8094
8.58613
10.441
3.63032
8.99582
8.87131
18.2788
10.5806
15.5472
10.507
12.0172
6.12442
5.26629
20.5338
10.9406
10.0771
19.1168
6.22995
10.4165
9.37565
19.6502
14.4365
12.4743
14.0019
9.83429
15.574
10.4725
14.6275
8.10797
8.67717
8.52828
15.8078
11.2919
8.58304
11.776
10.0913
25.9134
8.4964
16.3835
14.0869
13.2281
14.5921
10.5933
16.0146
10.7503
4.98073
19.0598
5.95819
11.5558
10.3735
15.3331
9.57116
15.2446
19.3865
9.4292
13.6968
7.79544
13.37
7.59977
10.0328
10.6367
9.88578
11.2054
11.5477
10.0692
7.95179
10.1741
6.61773
10.9992
18.2981
9.16269
14.6216
8.83828
12.0873
8.17966
13.8066
8.85607
15.844
10.1765
9.83164
11.0468
14.6306
9.58736
8.82248
12.1827
11.4766
8.5418
4.30449
7.64441
12.4847
8.23102
11.6714
9.95575
13.9254
18.9467
9.33883
9.74047
14.5394
5.56729
4.13368
12.7168
10.8444
4.31185
11.7205
17.1397
5.65299
11.965
10.4265
12.8327
25.5092
8.94726
9.14046
12.2771
12.9426
12.4556
16.5663
12.7097
8.14949
10.9506
9.41268
9.96649
11.2917
20.1253
9.85993
7.85611
21.4331
20.2719
5.55306
13.526
11.5437
4.45237
6.55536
11.4235
12.1948
7.32164
9.8391
18.9506
8.79129
13.0237
16.6596
9.04146
22.5594
9.09287
7.68233
13.1066
11.8399
11.3646
12.2083
6.07281
7.37348
6.03011
9.29924
8.60771
10.521
21.1766
8.78483
24.5562
9.63358
7.92771
9.25915
7.28748
16.6099
19.8312
9.41619
10.4858
12.1755
13.4525
13.6612
11.9192
9.53585
7.98416
10.9819
11.0918
12.191
11.6597
11.9208
8.91024
13.595
6.84156
7.28401
12.2442
4.68504
18.8136
11.3641
6.98205
10.7195
18.4862
10.8685
10.3351
12.9743
14.4723
9.35106
13.128
12.1201
16.3016
9.47771
12.5642
11.1126
8.98873
5.98526
10.8363
7.71143
11.6463
5.35508
13.4302
12.0848
11.9761
20.2814
16.7569
15.3463
12.5143
12.0284
7.57981
16.3134
9.40933
10.7635
8.25696
15.2934
9.70401
12.2622
20.8634
5.87088
12.5984
8.45562
7.42805
10.9693
8.76361
19.8195
12.5664
7.89606
8.43098
7.45164
5.90699
19.7695
10.0125
16.4887
23.671
8.48236
12.7255
14.0441
10.8912
9.56733
8.35902
8.1408
11.586
11.7503
14.3786
14.2406
11.6905
8.00849
8.80967
8.21786
22.9757
8.17439
5.69466
8.96106
7.52912
15.4963
13.0431
15.4629
12.4629
15.4248
7.51743
9.85533
8.06944
13.0753
12.0294
13.2382
17.056
18.1347
7.48492
14.9155
9.34531
15.3377
11.4727
14.702
11.7843
10.8809
7.11777
12.407
8.16748
4.88567
19.9377
9.77334
6.93132
30.1453
8.79943
10.0136
8.62532
14.6171
11.1226
13.0377
10.2879
10.0539
9.58572
11.1623
13.0277
4.57125
6.22668
10.624
11.0976
12.4937
20.7734
8.20994
16.9954
7.51125
4.68055
10.6821
8.80255
9.80007
17.8337
16.8344
14.591
15.1121
7.93779
9.7398
20.0274
10.7028
10.1558
14.5272
16.0133
14.6823
9.4924
13.4507
8.18164
10.7882
9.10794
8.36088
10.2447
12.0095
8.1702
7.88998
6.91578
3.69042
11.3757
8.62681
23.3144
9.48208
8.27815
10.9683
14.4893
4.27291
18.4674
9.04905
4.43203
10.5301
9.90107
8.74601
9.37537
8.62657
9.81341
8.94743
13.8431
3.88851
4.02285
28.4471
7.97301
12.2664
9.15601
22.194
18.3568
9.0087
7.85515
6.30794
3.42519
9.67532
12.8976
3.8977
8.34666
18.5567
16.3681
4.54769
7.84109
12.0973
7.17251
11.3601
12.0214
12.8455
8.36812
9.72996
11.4236
6.57036
9.5329
11.1051
11.0126
18.8065
9.96133
7.60461
12.9082
11.2566
8.27776
19.8759
9.55763
17.9333
9.21484
8.83341
9.72272
10.5449
14.297
15.554
9.5371
24.9458
9.45227
16.7381
10.429
10.0529
8.30779
10.5757
12.1031
12.0654
11.2842
12.2652
6.74365
18.7706
13.2405
10.3384
10.1155
19.4569
4.44625
15.3902
27.5411
14.8565
8.04815
9.46229
9.85091
14.9154
11.0636
7.1983
9.19075
9.23608
10.1541
8.52741
20.5666
6.38454
15.8161
8.83387
14.1018
6.73982
5.8344
13.7073
7.04463
11.1414
15.6998
3.8971
14.6749
10.6278
8.89025
10.2748
9.54819
8.53042
10.8614
9.1068
14.4579
8.58424
9.95165
11.9654
11.678
21.1212
18.5157
9.53315
9.00386
8.77132
14.6569
8.38279
10.7722
11.3576
13.6321
9.14881
7.89749
11.002
10.0072
11.1662
19.7914
21.8858
13.0887
7.20889
10.6518
11.063
18.011
20.0907
7.4509
10.7718
9.55605
11.3046
9.56934
10.9552
12.4375
10.5244
10.0555
9.12121
4.51487
19.1224
11.1763
20.0439
8.47716
10.8523
9.39065
10.0296
11.1193
9.24255
12.5136
21.3585
7.93198
11.2103
7.83371
4.76561
10.7088
18.6142
8.75158
23.4123
15.9585
15.096
9.07657
8.82414
9.05394
11.83
7.48228
8.66203
4.11748
10.8605
4.38839
10.5711
10.5369
9.23211
11.9424
19.7265
11.6794
9.44593
7.5286
17.8576
8.66512
7.95736
11.761
18.4432
11.1306
8.63785
19.9937
13.6131
11.0693
18.3517
9.77861
10.5136
10.9657
20.7793
13.2979
3.93664
8.7365
11.3572
8.78659
11.1925
6.98001
10.0717
9.88923
12.9796
9.23614
10.254
11.6285
8.23021
14.2756
7.12223
8.61991
8.56289
9.71868
16.2244
15.2282
12.0185
7.48729
7.99596
11.518
9.73861
12.6581
8.53926
13.883
15.4634
11.9558
18.3859
9.98208
13.0495
11.0221
8.64272
8.37162
7.86101
13.9
9.4276
26.9723
12.5594
5.21813
18.0848
23.0422
9.32182
9.42295
10.5956
17.7362
12.0134
10.6994
9.46146
10.2898
11.2661
10.1235
6.62087
10.1122
7.95721
10.4251
11.4788
4.92882
9.282
7.20844
4.54788
8.02717
13.7251
8.62359
12.658
12.7023
13.1051
8.29229
8.30537
8.52163
5.0303
9.59524
14.2522
9.67326
5.31486
10.114
11.0558
11.3345
12.0941
13.8569
9.36277
8.62451
8.29915
19.0754
12.3854
5.25127
10.3869
12.3967
9.37965
8.06341
10.663
8.16641
3.04975
18.0874
19.362
17.3233
11.3702
13.9847
9.17568
13.1417
16.2966
15.4173
11.1845
12.5843
7.63526
11.3939
10.7012
8.55213
18.8493
8.34188
8.22857
10.8363
6.79497
9.25426
4.8275
26.6836
7.55496
14.1823
10.1004
15.7364
12.4827
11.7452
8.9686
17.2455
11.1968
10.0766
8.8337
9.61205
14.244
8.221
12.9073
8.28781
10.1009
19.1495
9.79628
12.7052
8.86992
15.1534
10.8222
14.1419
17.3577
9.65676
9.16081
10.3693
8.87628
9.20797
10.6677
10.3999
9.58738
8.11369
11.0713
8.0703
7.75293
10.3521
11.7883
7.50339
15.0315
12.9236
13.3113
14.9403
11.0614
10.3385
4.66721
13.3848
5.14368
7.27644
7.91109
12.1917
14.2818
16.6248
10.0008
8.88321
14.8686
7.38869
11.4341
8.26668
11.0636
12.8182
8.22832
12.841
7.68019
22.4897
8.55514
12.3355
6.709
9.23081
7.69764
8.90753
16.517
12.6792
17.7227
9.79969
8.4327
14.0696
10.8045
9.46388
7.90966
13.9759
10.2374
15.551
8.89165
7.90423
5.18957
8.39073
4.09011
7.6342
8.39987
8.73564
9.77406
15.1073
12.4779
10.1328
18.9786
13.9342
8.95098
8.57018
9.31038
8.82924
15.7843
23.7185
8.72394
9.78113
10.6105
12.3821
14.1129
9.9344
13.7505
20.3084
10.9837
4.64409
12.892
11.6408
15.9106
9.05906
12.9609
9.0228
6.97676
5.89798
11.9627
7.35493
19.1875
12.008
14.7692
11.5185
13.8864
15.1322
9.0937
9.23034
8.97142
3.57353
16.1072
7.40223
12.1809
9.12279
17.9763
8.04798
14.2669
8.18012
21.8991
8.91852
7.45082
10.3496
7.66649
8.30299
17.1129
14.8313
7.53413
10.5536
9.72711
9.17056
7.87779
14.0511
17.3075
14.1291
18.8509
4.4299
10.3571
10.8957
8.85953
8.58611
6.96432
19.2766
7.81517
14.3824
7.95289
14.5631
14.9065
9.52695
7.6065
8.45558
8.85908
9.6104
5.77215
7.98435
11.8228
16.1677
11.2157
21.0707
9.51893
8.24343
4.85221
9.47673
9.99086
11.8188
11.8664
17.6579
20.5171
10.1808
8.0358
14.9656
8.82768
9.36043
15.5526
14.8129
16.192
9.37067
4.43366
7.56313
9.1375
14.8466
7.88174
9.8442
15.909
15.3043
8.33635
12.2533
10.665
13.1612
12.6747
15.6238
7.95694
8.66544
17.0029
11.6486
14.9829
10.9186
11.1167
14.0207
6.10315
7.47763
6.13353
12.7504
22.7311
12.0129
9.50765
6.61148
5.79968
20.4585
12.5012
23.7153
6.28234
12.1699
14.8171
14.9308
16.5592
11.0582
17.7722
13.3906
12.8712
13.2172
7.25269
11.2052
8.63498
10.0861
11.621
15.0983
19.0438
7.78108
9.60638
11.131
7.29602
16.3765
10.0515
4.49283
9.33913
9.95883
10.659
15.5827
17.047
11.5865
9.20871
14.8329
15.262
13.1946
21.6608
13.9412
18.1852
9.90668
8.23318
9.01912
7.09026
8.8798
22.9274
8.27986
16.7677
9.09777
13.2057
8.27558
8.58818
18.3502
13.9513
12.1475
9.0101
7.75319
17.4292
10.4164
11.2558
21.0623
12.1461
22.2155
10.5086
10.2661
9.38882
16.0811
14.7387
8.60894
7.9281
11.4866
8.73368
16.6495
5.51029
9.81902
4.84345
11.3371
24.479
10.904
10.9686
14.5209
22.9348
20.468
8.05433
7.05806
19.7281
12.0102
14.8138
5.57107
14.848
15.9726
10.7623
16.1607
12.25
17.124
7.94351
10.5397
6.50931
11.2968
11.7566
13.7953
10.2825
24.6129
6.51522
14.0688
10.7187
10.0175
9.1279
11.7967
11.9533
8.23839
18.4678
13.3761
7.09102
14.1852
8.35449
18.4033
8.33307
9.47602
11.6275
9.57271
11.3864
9.38593
11.952
12.7964
10.1745
11.1918
11.0967
6.7302
10.0984
12.1431
12.791
8.06258
9.22693
15.5243
13.2846
9.62054
9.85981
7.19865
12.8839
7.5745
18.7218
13.2482
14.2762
17.1272
11.7616
9.91689
9.42374
11.697
12.8138
4.80033
10.8733
8.84974
16.595
9.54022
12.8036
8.46959
14.0159
16.2715
8.3049
11.6623
12.083
29.6921
11.3444
9.12628
6.02497
13.731
4.24444
12.4093
16.845
15.5171
10.8987
10.9006
8.92844
10.2895
9.83812
15.9224
21.7844
11.0384
4.74193
13.78
17.1891
5.78135
7.12017
10.0715
16.0426
11.413
8.73266
14.1124
14.1556
12.657
15.1672
11.6243
13.2136
10.5818
8.64827
10.8822
10.3768
9.4072
7.98797
4.83252
8.87959
12.5308
16.4781
7.89922
8.3426
7.77513
17.8904
8.84563
8.00376
9.18749
13.6888
15.5293
9.26596
27.108
8.14862
19.665
9.86053
7.50727
11.1444
12.9201
12.8453
8.27198
10.1679
10.503
14.3493
12.7144
6.89644
8.87178
9.61269
10.0227
16.9298
9.78261
6.3937
17.1137
8.98248
17.0045
17.2506
10.2952
11.9785
11.8226
10.6609
9.55597
14.0207
9.14599
7.72918
7.82179
16.5849
13.1893
14.2137
10.1402
10.097
9.96532
8.02847
5.79792
12.629
12.5155
5.03632
7.90848
10.5854
7.8786
12.1882
7.4249
8.69554
8.90321
12.4891
9.41554
17.5903
6.02683
5.32877
6.92334
16.6787
13.0743
10.99
14.008
21.8442
14.0321
11.0422
12.7476
15.1066
18.9162
9.55099
8.01962
16.5508
12.0399
16.521
13.8111
11.6016
18.6771
10.0848
7.85325
11.2946
9.8247
16.2973
14.3468
10.5343
8.78703
7.44566
23.7716
12.2258
6.54321
12.6776
15.217
16.6318
7.60408
8.33419
18.3619
6.08795
9.43466
9.73161
6.45894
8.51637
10.451
16.0784
6.71847
7.91422
3.87187
9.04901
9.6702
7.19936
7.84341
6.95423
12.9709
7.32395
10.0332
7.40777
16.9927
7.81628
12.6266
16.446
11.0985
5.46288
9.40285
15.1118
12.933
17.7225
10.0013
9.00176
8.89551
10.7712
9.79248
13.2875
9.79453
13.0809
13.2033
8.30409
19.8841
6.93856
9.48688
19.2889
22.8521
13.7013
6.56526
11.6437
5.99271
8.35026
11.9599
8.97836
9.276
21.3445
8.71103
18.6595
17.6921
7.7076
20.9707
8.05309
11.3302
10.3939
5.54318
13.9322
20.2568
21.5061
12.5436
14.889
11.9244
9.60751
14.5606
16.3415
14.4505
8.47182
8.90119
11.4068
8.4017
11.2853
13.9861
10.9864
21.0651
11.5857
8.33731
16.6447
13.8711
21.7381
12.8717
17.2362
14.6924
6.3485
10.9108
11.6387
10.289
14.3529
8.4923
10.7628
8.60929
11.4264
9.70594
7.21377
13.8284
9.93352
8.04859
12.8864
9.43279
12.2407
7.52913
11.1946
14.6497
9.08949
12.1585
7.67059
9.46648
5.11038
8.08
9.78338
11.481
23.0704
12.35
13.3227
21.4045
24.0511
18.3706
11.7523
10.489
6.92622
13.9126
13.1648
12.8805
9.61767
13.6434
11.3141
7.15733
19.1964
4.4021
13.1103
10.5819
8.95352
4.50023
9.77532
13.4702
10.9629
10.9073
12.7299
16.7958
13.8183
7.91666
12.0014
11.5058
14.2905
7.70733
21.6193
2.83898
10.0357
12.8053
10.9205
6.95961
8.42491
10.6003
14.0861
4.14929
9.83621
10.6597
12.5254
8.43068
12.9326
15.5078
9.4667
10.129
5.68629
10.3175
13.634
14.019
9.97361
12.0204
10.8972
9.80935
7.79033
18.58
10.7579
4.51438
18.2416
12.079
16.2443
14.7054
12.796
9.70708
9.60217
11.3769
9.85423
6.44782
3.92103
8.47184
8.17426
7.53284
19.5215
9.6758
11.4818
8.33398
17.0339
10.09
7.71001
8.05025
7.70119
8.21247
8.0375
9.28225
21.7078
6.87756
13.9515
10.6408
8.65149
16.1044
4.94818
18.1866
12.5469
13.2766
19.3086
8.85476
11.3013
17.4523
19.6728
10.0314
9.61547
4.41063
4.22554
16.9711
14.7204
8.12916
12.9426
8.77308
12.2735
17.7413
8.93293
19.0459
9.46678
14.424
12.8591
8.02088
7.89592
11.9592
11.1916
9.42762
13.6009
22.2307
16.7368
9.49718
9.24898
13.3728
23.4774
8.61632
14.5069
9.50893
11.3917
13.0181
13.6945
7.00566
4.97052
17.3697
6.62648
9.02748
6.88065
7.84826
11.8751
11.0003
10.1229
7.31262
9.88402
7.86134
9.3976
6.10006
12.1083
8.17467
4.14296
15.4698
13.6467
10.2189
8.22002
14.674
9.0674
7.0273
9.05447
8.40227
11.6097
8.11126
13.0001
10.2125
13.5106
9.19985
11.2611
8.042
9.06149
10.2064
12.843
6.61853
17.0271
18.826
7.25876
10.5552
8.95044
11.8046
8.93086
17.7591
11.15
9.71995
8.94889
8.20391
18.7361
8.43757
11.6742
8.5087
17.7859
3.98426
10.6605
13.124
13.3372
8.63043
8.94169
8.36055
27.9162
16.8676
9.19656
7.99171
9.02658
11.295
8.41651
10.4388
11.5798
15.8918
18.7341
10.0144
7.19618
10.5974
14.034
8.12216
7.91715
11.3206
7.54314
14.0282
8.94221
10.7088
8.78751
10.2291
4.76245
11.012
12.9436
13.7088
13.0777
18.4397
10.493
8.92013
11.758
10.6243
22.5866
7.61852
7.18749
9.39242
15.5078
9.82569
8.99295
15.5388
11.6207
7.07702
9.38773
5.0975
10.3157
13.1975
10.3326
4.917
7.7249
18.612
7.49683
14.2167
8.43439
9.71424
10.5162
10.8258
9.24403
9.59245
13.2012
10.5995
9.8719
5.5913
7.05148
18.6697
11.6461
9.83055
5.65979
14.8333
11.6932
5.33232
11.2438
7.23307
10.0746
27.7029
8.77704
17.0225
9.68362
13.3092
17.9644
9.49004
9.22648
11.6507
11.6813
8.6552
7.29648
11.6158
13.8092
10.9922
11.3478
10.0738
18.4215
8.98784
12.163
15.4992
14.0687
10.7423
8.13725
5.13875
7.9114
12.1096
8.63023
8.74134
8.46621
10.789
8.48743
10.8948
8.08991
9.07858
7.45494
15.1858
11.1578
17.6529
10.0127
12.7206
16.5517
11.3831
12.1336
9.34783
13.6865
6.30055
13.142
8.62726
4.41013
9.53973
9.2222
11.626
14.0618
9.35058
9.61079
24.2905
8.36925
6.694
18.8868
12.3688
9.86461
9.18671
8.98299
9.37493
8.75089
11.4008
8.77493
6.93743
8.34294
9.5878
8.72674
11.3015
11.3157
4.67101
13.6921
8.54974
9.47569
11.215
14.7653
10.0747
16.5218
13.1799
11.198
10.6262
18.6004
12.6682
21.9725
8.3344
15.7057
18.6664
12.0567
10.2306
11.0025
7.94046
9.00083
11.9304
9.87817
9.38334
13.8142
11.9726
18.6391
7.99167
8.14753
12.8657
9.12562
10.5828
9.89461
10.3703
13.8189
7.42513
13.8325
16.2945
15.2278
6.7434
12.1255
11.4318
8.62812
14.0584
8.51531
16.2307
16.8004
9.9761
8.97202
10.8867
6.75569
11.4262
9.76976
9.35188
10.2074
14.6875
15.2951
15.0109
9.51565
8.51306
14.1336
4.59609
11.0104
20.0884
10.896
6.54906
9.15985
7.03447
9.74059
5.22874
4.79448
11.888
8.93539
10.672
6.40938
21.729
11.2283
13.801
14.9267
4.88152
9.69918
10.3634
15.7051
14.9392
10.6093
6.70887
8.10382
13.9257
4.38013
16.6645
16.3109
10.8177
9.34625
10.2759
8.75086
9.84488
15.049
8.71795
21.7673
3.6595
8.80017
10.46
17.3788
13.0238
17.9173
8.64915
23.7498
9.10136
16.2301
9.06419
17.2388
13.8702
17.4215
17.1267
12.1239
16.3631
11.1636
5.81876
8.69099
6.77568
19.206
17.3507
13.9023
9.24244
9.24579
14.9661
10.1734
10.8872
15.6367
8.5577
9.07535
12.4845
9.52536
14.1445
8.42421
8.98651
4.01638
12.6684
14.2614
9.92799
22.4055
13.8244
9.50198
13.896
6.75067
10.5135
8.70599
9.65089
12.3669
11.7042
11.1227
10.6801
16.7808
7.04894
13.0427
12.008
16.4733
7.65287
6.89999
10.908
4.00364
18.6001
8.53847
13.7277
8.14634
7.64968
15.1131
8.28064
11.0707
10.1403
15.4007
5.1283
14.8113
19.1249
9.10058
8.40472
8.20463
11.6691
10.3244
12.8917
8.5479
12.1718
6.38435
8.10578
5.71135
10.2854
10.3298
12.5174
8.90167
9.00746
12.8737
13.8574
8.93593
9.96143
9.02407
6.65
21.6253
9.10348
10.4369
10.5347
12.4085
8.55203
22.4335
8.1533
11.3471
13.8267
10.8522
7.61297
13.3683
8.53837
10.0285
5.36366
12.1782
14.2398
8.82312
3.96465
15.8238
9.30378
13.2539
10.7146
12.0231
8.92054
13.6501
11.921
9.80817
7.18626
3.65165
10.4404
11.6125
9.14743
15.3633
11.045
4.17816
4.91421
11.8754
5.03182
13.4288
11.0196
9.48057
10.5486
4.69428
15.7179
10.1375
9.98081
11.8687
10.1466
10.2229
9.10157
9.04798
17.1513
22.2136
17.6826
8.48486
5.57929
8.89074
8.30461
8.72054
9.39314
5.84072
12.5238
12.0171
20.2695
12.0309
8.85034
9.80981
10.1176
10.824
6.87788
6.75017
8.7613
10.5768
4.41815
16.4332
11.8591
6.86639
8.80605
6.97835
15.8218
16.3679
6.61829
17.5345
8.76359
8.49161
17.0308
9.53957
9.44544
9.23024
25.6081
11.2002
12.3378
14.6842
14.1072
8.76285
15.7704
8.3564
10.496
20.8097
8.2331
8.76297
9.22103
10.6401
8.55618
7.95716
6.80842
9.0676
13.9596
20.7483
8.97899
9.8411
11.2599
14.5356
6.02276
14.215
22.214
4.41983
17.5784
5.21285
11.5452
18.2969
4.90219
14.1601
8.00844
5.3819
10.6667
4.44055
9.5287
7.7374
17.3375
12.6853
7.39982
6.96169
9.72387
14.2794
10.1137
19.2438
10.3232
18.5903
8.81013
11.112
16.1182
13.3312
17.2364
15.1513
8.09007
9.46912
19.7653
12.2404
8.37964
9.38114
12.4546
4.00725
18.8169
14.0374
7.17216
4.79958
14.8103
9.13218
9.44422
14.4169
23.4705
9.19357
21.9141
8.81394
10.8437
9.43296
19.0703
15.8392
21.9751
6.05018
14.1307
18.4454
9.66615
15.6174
16.1894
6.78083
17.6113
19.6453
8.08665
15.2171
13.3178
9.32337
12.6827
12.8503
6.66553
12.0949
6.61104
8.53054
18.2497
8.7582
9.74648
15.0807
22.1374
10.04
7.30446
10.8529
18.326
9.652
16.9377
14.4833
8.55947
18.4355
8.96361
4.14983
4.45389
5.35922
17.7847
6.16378
8.33689
3.38646
13.8241
10.2912
13.3396
13.0464
8.80614
9.58057
3.91316
6.93683
8.85503
9.17905
8.15656
8.44297
7.87855
9.11966
9.82935
10.4092
10.9383
8.36505
14.4603
8.99226
5.19766
8.72191
7.17772
6.37239
10.3745
13.6239
5.0646
8.41632
23.0107
5.80659
8.94217
12.9425
9.85915
7.305
8.8042
4.56087
10.6932
10.8443
14.3427
15.5239
8.85277
7.65619
10.209
4.91284
15.261
8.89669
9.8223
4.69426
16.6242
10.1355
22.0087
8.76043
11.3705
25.1807
16.8983
15.5806
11.0932
10.7518
14.8442
12.5266
8.77329
14.1272
7.75669
5.21962
5.27479
24.1383
22.8889
18.695
10.9644
5.52142
13.236
7.88043
14.1095
9.24778
9.79135
10.3795
9.64832
12.8171
10.7465
11.24
9.26045
8.63943
8.56122
10.1179
15.3222
11.182
12.2479
17.7389
15.6875
5.85507
14.2976
8.94957
14.9993
10.0569
10.2124
8.4185
17.5184
10.7343
12.1815
11.3364
11.5531
9.25318
14.8414
15.3976
13.1127
20.1333
8.82935
7.83277
8.58183
16.8889
8.598
12.647
9.11821
9.8258
17.2412
8.57872
8.46683
8.81277
9.73111
9.0891
14.7606
7.04182
26.2695
26.9596
7.42205
8.20583
12.2641
13.9414
12.2093
12.4505
10.8195
11.3434
12.7609
16.8044
17.0668
19.4217
10.6664
7.91814
12.952
20.8341
19.624
7.93646
11.4147
13.809
12.8108
7.57602
11.6751
10.2311
16.0964
8.40178
8.33588
10.9023
8.89408
8.85024
9.32604
11.5215
12.5649
9.06215
10.3235
15.5821
8.73578
8.65869
4.7979
10.2884
17.1396
9.03177
7.85479
14.4244
4.80872
16.951
9.63241
11.7318
18.5232
8.79049
5.01357
12.4925
22.9868
12.4468
5.06908
9.21209
11.7217
7.87042
9.61265
9.574
7.06263
9.10808
12.6361
9.19232
12.4113
7.64439
7.595
13.4225
15.1344
9.27865
9.16298
10.2212
19.2268
8.16307
14.8811
13.109
9.87381
13.3735
10.5982
8.06123
9.8033
8.73834
18.8175
8.57269
11.5035
9.22212
15.7973
13.5533
7.79917
12.9643
5.91182
10.2116
3.92409
5.01544
7.82779
4.70589
14.8093
9.45229
8.95891
12.7652
9.36158
12.214
7.67631
11.5304
15.4706
5.23814
6.48662
10.6355
10.855
9.98702
13.7121
9.43858
14.7342
9.15611
11.4536
15.5279
14.4896
9.13405
11.4047
10.4953
8.08725
25.7603
13.9882
9.56582
13.2542
13.3232
8.18509
18.744
9.57886
19.4261
10.555
11.5917
7.92254
10.3311
18.3831
7.70228
12.8474
4.26302
13.3809
14.5702
7.87651
7.75761
7.41159
9.48806
7.62529
14.8525
10.7815
11.7611
8.87739
17.9812
7.54251
10.9049
9.5845
12.3238
7.26427
17.6106
12.694
11.5407
10.5454
12.0007
7.89263
4.51008
9.47552
15.0877
16.6655
21.1378
7.68163
8.85711
9.82736
13.6173
22.4759
6.48903
17.3269
17.8204
23.3593
7.85067
11.4244
11.2457
11.3073
17.0758
4.90744
9.65742
14.5934
7.14143
10.0349
10.7661
19.5456
10.2326
10.7023
10.8572
13.3824
9.09049
11.0355
12.8748
4.69593
9.48793
8.56258
12.4282
9.00076
12.3653
8.6823
16.6123
10.6902
8.37318
10.877
10.7091
22.055
9.90537
9.2443
8.84439
4.01242
5.37596
12.2473
8.48622
11.7497
9.83553
12.5143
11.6659
7.6976
9.45145
9.91737
12.6867
16.2032
7.26774
21.9289
8.52584
7.98523
6.80549
24.7403
10.6447
12.8788
18.6728
10.8198
15.5759
17.1064
13.8565
6.81574
21.1718
14.5016
9.70133
6.6088
14.7185
17.0553
12.9245
22.0753
5.56058
9.24065
10.0579
11.5772
8.34502
9.01353
4.95147
9.16274
6.50372
8.43145
23.2694
3.79451
13.4051
4.20893
21.4074
11.062
10.2956
20.8373
8.7607
15.8909
12.6547
7.73631
8.78866
9.33181
10.3038
9.6075
15.9447
11.4542
12.0216
8.23465
20.9612
17.0362
9.90118
11.8493
8.58619
8.42083
9.06902
18.6281
10.349
11.1969
9.26057
7.35315
11.1805
22.2384
11.8613
8.49054
9.59121
24.8105
22.7403
4.69691
14.0489
10.0518
16.0919
6.0936
9.73596
15.2589
9.67649
14.7548
14.0313
11.6706
9.99238
4.8546
12.9027
14.522
9.80263
9.09982
11.4385
23.8753
11.3059
14.936
9.29839
9.46848
9.89071
10.3807
10.7461
9.5371
16.0208
9.16002
12.5916
8.72976
6.23831
9.57525
9.7181
11.184
10.6904
4.07311
9.89806
9.7574
21.677
15.1649
15.1915
21.6486
26.6411
7.66004
9.01593
10.7745
13.5242
11.0949
7.87481
8.96263
11.2683
6.39557
6.98138
9.33412
19.9324
6.57851
8.12985
8.63289
15.9499
8.69419
4.13881
4.83122
10.7155
6.60192
16.3029
10.0295
7.78964
6.4015
8.55341
7.04746
13.1059
9.01184
9.75612
19.0661
10.6556
14.1805
13.0237
7.27212
11.5658
10.7859
18.4371
8.43431
9.74037
11.1041
16.5599
13.9552
9.71333
9.54222
8.30117
11.9676
6.06886
9.76303
9.58455
15.4133
8.91632
8.17022
4.28178
8.45534
14.9838
14.6551
9.96319
12.0023
23.9533
9.45308
13.6307
17.859
14.6128
13.274
9.6842
6.56612
12.357
16.9708
5.15068
8.49958
16.1676
18.1373
4.05862
12.7202
8.49017
10.0447
10.9943
3.41283
11.6201
11.5195
13.0251
9.37838
8.68132
8.90612
10.3346
13.8412
9.59336
18.1385
13.94
10.4758
10.4798
14.8409
8.8568
14.4405
20.5398
7.70514
14.3158
9.57159
12.1275
9.10238
8.99983
13.0929
8.36943
19.5267
8.43935
7.40761
18.1711
15.5917
9.69153
14.0294
8.15012
16.6695
11.9598
8.32678
12.0335
9.17412
5.45446
9.70215
18.9734
8.31907
9.71365
13.764
7.36008
8.34547
8.28111
16.3918
9.60575
11.708
8.90936
12.9589
8.04444
18.0783
13.4386
5.15418
18.9043
8.43807
13.2436
12.5429
7.7092
15.7683
7.78246
10.9706
9.30326
20.7985
8.37032
13.37
10.3021
8.13643
12.2713
20.4944
12.3911
8.6361
4.41015
8.73493
8.79971
9.18769
9.22948
10.3617
5.61841
7.94651
7.41164
10.0986
4.7397
13.8768
6.89521
4.55074
13.6408
14.9605
16.2404
12.9925
3.97991
24.9094
15.0383
9.61137
7.44515
3.86977
18.1388
10.6424
7.27538
8.09764
10.0335
16.0255
10.7261
18.8987
11.671
12.7238
21.2233
9.24368
3.83271
8.81139
7.14389
9.14642
11.3777
7.79006
9.0095
12.555
9.02802
21.3274
10.2782
19.0922
11.1729
16.9819
11.3998
7.70229
8.82862
12.4801
10.484
11.4053
8.08702
15.6285
7.19568
10.5963
6.74739
15.1321
11.7326
17.3934
15.0079
10.2204
22.5808
10.8856
9.10979
8.47347
9.38803
7.13671
11.348
11.7693
8.056
23.5907
4.84062
15.4112
10.7572
11.1134
18.0292
7.88417
6.52653
15.9862
14.1966
14.8011
23.6467
16.9438
8.75233
9.97238
8.77432
9.66597
18.4512
15.3825
10.2169
26.5269
20.712
25.9122
14.4364
14.9672
11.2677
8.87152
11.9618
8.8554
16.5034
7.04465
7.43201
7.33863
13.9214
9.55918
17.0954
20.0566
14.546
12.22
10.1553
19.9248
11.7277
9.41467
17.2169
11.3141
10.4585
15.6789
11.1507
11.9779
11.1219
4.47828
10.0533
8.55474
6.04621
13.0919
14.9805
5.89238
7.65176
