18.6738
18.6091
15.1685
15.6031
18.4272
17.9421
11.7961
8.92464
13.9919
13.0113
11.7214
11.9696
11.6606
16.0637
15.3251
11.2355
14.111
14.1023
14.3964
16.6836
16.2588
15.8231
13.8586
14.2544
13.1972
18.468
13.3571
15.1257
15.7978
21.6296
8.36322
11.7228
7.88275
16.6284
12.8095
12.5456
15.9915
18.6745
20.0563
17.3566
21.9254
21.3125
19.6726
24.7555
23.992
26.2201
29.8538
17.7165
20.277
26.3892
24.9804
22.7221
20.3937
27.035
28.4665
22.0885
15.5107
15.7004
19.5812
17.1793
16.785
18.9915
18.3955
17.9834
17.8315
19.4146
19.4923
16.3468
15.6468
16.0019
20.9597
20.6117
21.8385
17.404
13.6798
16.9372
17.2395
21.0435
17.699
17.4904
20.8405
21.7174
19.1142
17.1842
18.1788
21.8632
17.3075
23.9657
18.3988
19.7748
31.4998
23.4904
21.1777
19.5925
14.1639
15.5264
17.9826
21.3135
20.4299
24.2972
20.7292
20.6595
18.9927
21.1647
19.0534
17.6224
18.4877
18.0795
17.55
17.2924
19.7412
20.206
20.067
17.5848
20.9972
27.2871
26.1364
21.9648
21.7945
28.784
23.2021
20.0705
20.1343
20.8424
21.2854
20.8536
23.4922
21.2882
20.3418
23.7384
22.9885
22.7982
21.7279
24.9339
22.082
24.712
25.574
24.4487
25.1031
33.3069
22.3567
17.5037
26.2153
22.7019
17.7346
16.2473
16.3834
19.6766
18.8988
17.1462
20.0461
21.8425
21.676
25.1093
17.9111
16.9248
18.2737
15.649
16.2297
14.7366
19.7693
34.6155
31.5209
27.2905
27.8796
30.2267
26.8594
22.9563
25.3644
20.4506
25.1551
26.4124
24.7686
25.0165
25.0654
21.3113
28.023
27.012
25.4495
25.4174
28.0324
23.8014
17.4898
14.3317
12.935
11.599
9.5836
12.4476
18.666
13.5037
10.0226
9.74521
8.74675
9.03691
13.1127
11.6185
15.1002
14.7018
16.3874
16.8119
19.8955
17.1207
20.2993
20.4013
21.0241
15.5712
18.9855
16.7273
3.0518
3.71039
7.46695
9.2935
12.61
9.11197
14.7152
15.7802
15.9811
10.0456
16.0825
18.2677
25.4409
16.9499
19.9695
13.0088
10.4525
11.4537
5.42366
4.35353
4.20343
5.72012
6.97657
10.249
9.70046
11.3223
11.6043
11.5883
13.1573
14.8012
14.308
15.822
15.4364
14.9285
15.5943
14.78
10.1728
13.1426
9.7959
7.63067
7.65993
8.43403
12.7003
12.3073
11.7184
11.1719
12.7035
12.4838
16.5351
15.8806
14.6592
16.9306
15.3995
15.9352
14.3437
16.929
20.6742
15.7748
18.3193
21.3955
14.1374
15.5534
16.4563
18.2542
14.5434
14.1163
8.72862
6.44728
6.43551
11.3471
11.754
10.0528
8.75015
8.19933
8.32311
8.81631
7.13405
7.51604
6.68705
9.11611
9.00651
8.55862
6.911
9.34137
10.4013
12.1074
11.2212
10.7942
8.64138
5.73344
6.298
9.97118
12.5413
11.1372
12.1342
7.32833
18.1487
9.02068
9.7965
8.56744
13.0125
9.09505
17.859
14.6472
14.6584
16.7868
14.2502
14.2867
17.6817
15.7471
15.2508
10.3861
11.283
13.2993
11.1411
13.6145
8.32777
8.3001
10.3603
9.74239
11.4165
11.8854
10.3106
11.9076
11.2129
11.4298
15.8152
12.2819
9.91625
10.5698
9.77079
11.5268
12.7398
12.7682
11.4776
11.6694
11.0458
9.92462
7.27922
5.15485
7.31187
5.71675
6.51955
6.28967
5.57753
8.26857
7.8036
7.25331
8.63819
7.53209
8.14935
8.11201
6.83846
7.90461
8.34
14.2574
14.01
15.0662
17.1084
14.5392
20.3719
15.8616
14.4588
14.0106
8.68215
6.31817
5.9469
6.79912
6.96
8.78533
7.80617
10.6361
7.09804
8.60596
10.6307
9.19946
9.89332
9.44743
8.37018
8.51118
9.97328
11.3957
10.6557
12.8368
10.2782
12.5189
15.868
14.2474
13.1994
13.2361
11.8701
14.8333
13.8973
15.9039
14.7185
14.05
13.6322
12.5251
11.0194
14.2617
16.7249
18.7684
20.4098
16.1543
14.0858
13.831
9.60012
13.9906
15.515
12.8771
12.402
17.2713
15.9166
16.4783
18.3062
18.3583
20.5671
19.5478
15.7119
15.7637
11.175
14.8587
18.3391
21.1471
21.7626
21.7799
24.3822
23.5882
19.9729
20.9567
16.6729
12.1922
11.5298
13.7403
13.2056
12.5358
15.2765
12.3673
12.4921
15.6148
13.293
14.9941
14.6404
15.497
14.0563
13.9697
20.7046
18.8151
22.1104
16.1738
12.034
10.6389
8.35827
7.73527
8.0389
6.40352
8.05231
8.2319
11.6922
12.7685
13.3468
9.55145
11.8653
14.0873
17.5563
19.1588
20.6134
21.2025
15.2736
18.0312
14.4299
8.7589
6.93162
7.47339
10.3083
9.64295
8.12597
8.16206
8.8665
13.2417
11.9405
8.65652
21.0989
18.6219
28.8461
25.1759
21.7138
23.8969
21.0605
18.9112
18.7769
19.1327
16.544
16.6346
16.7033
18.5356
21.2593
19.5097
17.0428
14.0957
16.1356
14.77
15.7016
13.408
14.2112
12.9503
15.8941
16.6969
15.1347
12.9917
14.5757
14.7645
12.9609
15.0783
16.8148
20.5586
22.8677
23.5027
16.6774
13.9229
12.9342
17.7464
16.0471
18.7674
13.0258
15.5996
14.3969
14.5421
13.4009
15.9199
18.5391
17.0925
21.5753
15.3908
15.4819
20.5397
17.3973
15.8388
18.4156
19.6608
18.4422
27.5093
22.8256
21.1586
21.8311
21.6152
20.6292
20.5846
21.9741
18.7461
19.5736
21.6312
23.1172
19.6732
24.4247
16.7305
23.8182
14.953
20.3232
19.1405
16.2505
23.8778
21.2327
17.3106
21.6769
23.3487
21.6229
22.4151
22.4847
21.3214
24.4777
25.9734
18.3514
17.697
11.2398
13.8257
12.1733
12.2805
13.4149
8.28252
11.104
8.1348
7.20944
8.13321
10.4425
11.2196
10.1728
15.3876
14.6527
13.0849
12.1293
13.163
14.259
12.1675
12.7012
11.4992
12.2472
13.3588
13.2988
14.5572
15.9939
16.4029
14.7782
11.925
11.4128
13.3593
9.18651
11.0811
8.27264
8.53875
9.15655
10.9689
11.063
11.5719
10.5884
12.0727
12.8978
15.176
14.38
13.9002
13.4303
12.7446
14.2474
14.5025
14.2983
12.2426
12.8148
9.85967
13.609
9.97638
12.8064
14.6816
13.6373
11.0452
8.36508
7.20297
10.8094
7.7793
7.63592
8.63982
7.51186
8.89686
12.1923
11.0524
7.09318
9.09076
10.3517
16.2759
11.7584
12.2724
18.338
10.0706
17.1387
16.7129
20.638
8.06589
6.98808
10.3651
13.1203
11.7183
11.5386
9.39504
10.31
25.918
23.204
22.9395
17.4957
18.4088
25.7243
34.8698
27.4527
31.2105
32.7173
29.4803
32.0528
33.0505
39.1303
31.1092
26.4825
30.6707
30.4711
31.1793
29.3591
32.1045
29.6157
34.8242
31.642
37.4824
25.6076
30.5216
21.4245
21.6686
24.7585
30.641
25.449
23.7724
27.7186
18.6575
13.9886
18.147
15.3821
21.0205
20.6041
23.5157
19.3755
20.6913
22.6257
22.6272
21.3488
22.5172
20.7403
21.6889
23.2642
20.612
16.7842
20.1297
16.4359
14.9573
20.6035
25.2047
20.3705
23.3774
31.0184
33.6087
31.7681
33.5698
36.0461
30.2776
29.0624
26.9532
31.9405
22.5948
18.6225
17.2078
24.8327
22.2019
17.5423
18.5208
18.8503
18.3186
17.1505
15.1777
15.5826
12.5466
17.9198
19.5451
16.4178
14.2412
14.5862
17.4965
12.0622
14.8973
13.3103
22.2868
19.6181
23.0579
22.7973
16.6749
21.9197
22.4573
18.3309
16.558
18.2491
17.7286
20.2704
19.5461
19.101
19.7715
17.4849
14.4308
15.745
16.6425
23.2859
17.658
24.2932
26.9851
21.4761
22.7493
19.8363
25.8855
22.1859
23.4861
25.5109
23.0537
27.9129
22.2812
18.9815
25.0717
23.7494
25.448
28.8129
24.3512
22.4187
22.4364
24.4664
19.3601
20.9983
18.3311
22.3407
23.1836
23.987
18.8993
22.583
17.9547
19.4326
23.5397
18.7106
24.3951
26.8917
30.0047
19.012
16.7666
15.6033
15.4341
16.9565
17.0747
19.6505
18.402
15.3726
15.3773
14.9939
17.1917
15.2646
15.5677
14.6188
14.1781
15.1281
22.3229
21.2188
19.8334
18.0338
19.6
20.2521
16.1387
18.734
11.0175
13.3544
15.6849
18.4834
13.5484
16.2176
15.2072
14.7754
15.641
18.9811
13.6948
17.0609
15.9813
13.9937
19.469
14.9021
19.0011
19.8121
27.2622
25.8718
28.1696
18.828
22.8265
24.6853
23.8154
28.811
26.8197
26.6588
25.7972
23.6455
21.2007
31.095
23.9316
27.0116
23.4286
27.1594
24.1723
25.7112
29.9778
27.9275
23.4776
25.461
27.5445
22.0026
19.4904
18.6407
16.9612
21.3934
26.8928
18.8008
17.9948
31.7403
24.3134
31.3794
29.8716
28.5854
30.0133
29.5225
29.2505
25.1507
30.3126
22.3469
25.9304
29.02
29.219
33.3262
29.4555
35.2891
25.9093
22.6181
27.8983
28.31
33.5356
27.0369
34.7926
31.2646
27.2402
31.5816
30.4407
21.0098
28.2372
23.8883
24.7661
30.9659
25.4247
20.1491
22.3295
20.3163
18.7116
18.8274
23.0376
21.0464
23.6886
25.5145
22.7781
19.9235
19.2819
24.9463
21.7346
21.5649
24.7489
21.3037
26.1838
23.2886
25.1748
32.209
29.736
24.5069
25.5711
22.6396
27.149
29.0321
31.6799
19.2084
29.0745
30.1597
22.9588
19.6281
21.9648
16.3393
16.3866
23.8661
20.6681
17.7901
17.7926
20.0604
17.683
15.7469
16.5932
23.0714
15.5797
14.7081
23.1819
24.1768
19.3556
23.2056
17.6271
23.7107
21.9221
19.7181
27.1227
21.1415
20.1217
23.4581
26.73
26.7046
24.2807
21.7741
22.5894
22.3456
22.5928
19.1135
25.9905
16.1175
14.7735
17.0582
13.1936
15.726
13.975
12.319
13.7586
11.8236
13.7843
15.4128
12.6934
16.4073
11.8739
17.7148
20.4057
19.5366
19.9367
17.615
20.1881
20.5548
24.4156
25.8373
31.3311
25.0777
25.853
23.694
22.0962
18.7625
18.469
15.5455
17.0717
18.5713
16.9214
16.7188
18.6223
21.7802
23.2044
19.0709
22.7265
20.4103
23.0841
16.2915
17.3695
15.1184
13.4329
12.7834
12.5864
16.1256
17.9779
19.3615
16.3345
21.1638
18.8184
20.9157
19.2097
24.0393
20.909
21.4286
25.9253
19.9659
25.297
24.7844
22.8456
27.1699
28.4081
33.6429
30.1178
24.857
23.0003
23.7136
21.6831
22.5751
21.6019
24.0901
25.9325
25.4588
23.4417
24.3462
26.1611
22.8073
21.0568
20.3666
19.0144
25.9262
22.6219
24.2886
27.2139
21.5184
17.2421
24.0232
19.4641
21.0494
19.3727
20.9753
17.8635
15.3506
6.27189
6.71148
6.96266
9.75259
11.5504
9.23669
8.54438
7.99451
9.59407
8.67794
9.59736
9.77863
9.83541
8.25657
10.4825
9.40571
9.40699
11.6828
12.3793
12.7511
10.9664
10.0209
8.74597
6.36615
6.53395
7.79644
8.16747
10.0741
9.97741
10.9571
11.8173
12.2071
10.6061
10.7591
10.0077
11.0656
10.3186
18.6913
10.7351
10.7391
13.0884
13.2423
9.0633
6.90635
7.22754
7.11403
6.68818
14.5535
13.4272
11.7276
11.7074
12.6271
15.1692
13.6453
14.3687
12.9599
14.4192
18.8478
16.8891
16.7317
19.3991
15.4024
12.701
16.9711
20.3988
16.8811
17.494
20.7174
20.7168
12.942
18.4179
13.2386
13.8182
15.9499
12.6172
16.0635
13.549
16.2845
19.754
17.0092
18.3123
16.3467
14.6905
15.3622
15.2086
16.7127
19.5055
17.4318
20.5491
19.8566
24.2611
20.2696
16.7278
15.2234
20.7017
9.80673
7.08466
6.43695
8.40431
7.89941
7.79422
8.05291
8.24258
7.70946
13.1184
10.8031
17.6859
19.3088
20.9585
16.9107
14.629
18.7063
22.047
17.6638
16.3295
17.2472
13.437
19.9593
15.7317
17.9969
21.1968
10.8804
8.48525
9.46223
8.50914
8.75221
10.6971
12.6964
9.46423
13.2505
13.6119
15.3424
18.643
16.5435
15.5791
18.1603
24.0918
21.9487
19.6582
22.5823
23.2831
19.5944
10.4606
8.54385
10.9516
11.6522
15.0293
20.2815
17.2935
15.7406
16.6059
15.7005
22.0939
20.3395
19.2947
21.4327
22.0019
22.2478
20.8277
23.04
22.0974
20.827
23.5654
23.5572
20.4751
23.0348
18.6127
17.1449
22.8761
19.2265
13.8422
16.0137
19.992
12.9065
8.0293
8.88583
8.30733
9.64205
10.534
10.2045
15.9855
13.375
17.9034
19.0083
20.1233
13.6236
17.0645
12.1919
13.912
13.2518
13.2109
12.6596
12.8565
14.3512
14.9245
12.8726
13.9864
15.0617
13.3234
13.3708
11.6556
14.2865
14.5396
12.8922
11.6974
14.8831
13.9689
19.7035
19.6353
13.9717
13.0357
13.9827
11.7311
12.0262
11.9421
13.4983
13.023
12.3253
13.1308
12.575
12.4003
12.5073
14.3447
12.1105
11.1623
11.1589
11.4069
13.5509
13.9412
12.4175
16.5893
17.738
17.2519
14.2078
13.934
15.1122
12.672
11.2122
12.8939
13.5504
14.5314
13.6221
14.5826
14.6795
14.6318
10.8784
13.6996
14.6063
14.0988
16.5301
15.914
13.1986
14.5089
16.5431
14.2702
17.2501
13.1935
13.1086
17.8313
14.5442
13.8273
13.77
12.2502
15.4059
12.8169
12.4893
11.408
12.456
14.5443
14.943
16.602
14.5998
16.3655
13.3176
15.8612
15.4409
14.5217
13.2364
8.24254
10.716
9.59659
13.0333
6.31868
15.2566
12.4586
14.5865
13.1111
13.254
13.6941
16.5458
15.1289
15.0258
15.2496
15.632
18.7588
15.6283
18.2646
19.3386
16.6579
12.1131
9.85133
10.4139
10.2307
11.4252
12.2605
12.0159
12.6938
12.7751
13.2269
15.2488
13.5545
16.3232
17.962
16.7061
14.3434
15.4059
17.5475
16.0067
13.7799
9.86399
10.7969
10.0051
15.109
13.5047
12.5809
16.0537
14.5242
14.3751
14.8751
13.7061
14.6568
13.9555
22.3102
13.964
8.81826
8.58154
9.46698
10.5309
13.8203
12.5794
11.8053
10.8234
12.7387
14.4778
22.4317
15.7033
11.797
10.6791
11.7266
12.7936
12.9889
12.2872
11.8024
11.3214
10.4305
11.3208
12.6609
16.5069
15.6273
16.1388
14.0676
15.3101
16.8988
17.4079
18.2628
16.6011
17.5788
15.4765
22.5434
22.0933
23.9449
26.2193
13.4463
10.7596
11.031
9.83252
10.094
14.2384
13.2773
13.5314
14.4542
13.8959
14.1524
14.8971
16.2749
20.8266
19.1162
21.5117
19.748
14.5488
18.3575
9.31905
11.9179
7.84852
8.85694
10.3918
9.73962
9.42872
14.4892
11.2271
13.5252
13.3455
13.1384
13.421
14.1718
12.9659
11.3436
12.0632
17.296
25.0005
25.3637
14.7385
12.6093
14.9333
16.1601
12.0731
10.1427
11.7522
19.6263
18.0127
17.9397
20.131
18.8024
22.3716
21.4399
21.8705
19.5571
22.111
25.8751
22.4217
26.5506
27.3732
28.9923
24.1759
19.8717
20.444
23.1973
26.5367
26.0174
24.1594
19.8246
16.348
12.7635
11.7389
11.2718
13.7744
13.6598
12.3126
12.8794
13.3018
11.2908
16.4292
12.656
14.367
19.4841
17.1098
19.0981
16.6617
16.8347
15.8002
13.1795
9.58148
18.4742
18.7657
18.83
19.1361
14.2373
15.0605
17.6893
16.1402
13.3719
14.0153
17.5985
15.1202
14.2742
12.1024
10.9957
11.616
13.0531
13.4702
12.6375
13.0372
15.1165
13.6221
13.4098
14.6123
16.5208
24.492
23.2714
22.2665
22.7104
22.9464
27.8951
23.8164
25.7757
23.5504
27.1383
27.34
27.0785
30.7165
29.1394
24.3186
25.331
21.0309
25.4775
22.1458
22.6184
23.8556
20.9893
16.1826
15.3482
14.0939
17.8127
16.7655
18.7323
17.3305
17.0078
17.4337
17.8159
15.4552
11.3983
14.4487
12.5836
12.8804
8.20658
21.1516
17.8585
14.2908
12.7363
12.8752
16.3736
10.9583
19.1604
20.8781
16.01
22.2023
44.3312
15.7037
16.4206
10.3837
14.876
15.0099
11.6501
17.0598
13.9711
16.4695
14.9049
16.1875
13.5356
14.0483
11.8348
11.1564
15.5544
11.5544
17.6659
22.1468
12.1636
14.029
17.3041
19.5589
15.2921
12.8401
19.4512
9.75661
12.5742
19.8644
14.7109
16.3121
12.4673
17.2595
16.5256
12.4514
21.5522
19.2099
19.889
19.2218
12.7123
17.3057
20.8302
23.2825
19.2179
17.6355
